13.3123
14.1479
17.5616
24.9699
28.3151
24.0082
27.726
20.2301
15.1315
18.3616
18.4685
21.7836
14.4877
17.3233
19.0767
14.4658
16.8356
14.1671
17.5233
28.4795
31.9123
14.9507
16.5425
15.2548
20.0685
14.0603
22.5123
28.5945
32.3534
44.4301
20.8548
24.2274
20.674
18.5288
21.8877
29.5863
15.674
16.5315
20.0438
13.3753
18.0932
19.2877
22.8466
20.3973
16.611
29.9781
17.5233
21.5699
15.8137
17.9233
13.8548
17.937
10.5808
14.5315
12.2685
12.2466
19.4712
23.0164
24.3699
10.7452
10.6575
13.9753
13.2575
8.737
11.9041
25.9041
10.0027
28.263
18.2521
14.6329
18.1397
6.2548
9.3123
6.2548
9.3123
12.7205
15.2932
17.5315
11.6164
8.0685
10.0192
9.863
12.7425
8.4795
28.9836
10.6466
23.9918
28.7342
7.4877
25.526
15.2384
7.4137
6.7644
14.2658
12.211
12.1562
10.1863
8.7945
11.1973
8.5562
9.5507
